$ 1 0.000005 10.20027730826997 50 5 50 5e-11
r 304 336 432 336 0 4700
r 432 336 560 336 0 5600
r 416 416 560 416 0 4700
r 560 416 688 416 0 390
w 416 416 432 336 0
R 560 336 608 336 0 0 40 12 0 0 0.5
172 304 336 208 336 0 7 0 12 0 0 0.5 Voltage
172 304 528 208 528 0 7 0 12 0 0 0.5 Voltage
R 560 528 608 528 0 0 40 -12 0 0 0.5
w 416 608 432 528 0
r 560 608 688 608 0 390
r 416 608 560 608 0 4700
r 432 528 560 528 0 5600
r 304 528 432 528 0 4700
w 688 416 688 512 0
w 688 512 688 608 0
O 560 416 560 384 1 0
O 560 608 560 592 1 0
O 688 512 656 512 1 0
t 816 512 736 512 0 -1 6.061828753648659 -0.5858528722768401 100 default
r 816 512 816 416 0 18000
r 816 512 816 592 0 18000
g 816 592 816 656 0 0
w 816 592 736 592 0
w 736 592 736 528 0
w 736 496 688 512 0
w 560 336 560 352 0
w 560 352 816 352 0
w 816 352 816 416 0
r 736 496 736 416 0 2200
w 736 416 816 416 0
r 544 768 544 848 0 82
r 432 768 432 848 0 2200
r 544 880 544 944 0 2200
t 368 864 432 864 0 -1 0 -0.6377697302323946 100 default
g 544 944 544 1008 0 0
w 544 944 496 944 0
w 432 944 432 880 0
w 496 768 544 768 0
w 496 944 432 944 0
w 496 768 432 768 0
R 544 768 592 768 0 0 40 12 0 0 0.5
w 432 848 480 864 0
w 544 880 640 880 0
O 640 880 672 880 1 0
172 368 864 272 864 0 7 0 12 0 0 0.5 Voltage
t 480 864 544 864 0 1 -11.357871629990655 0.5196612488171428 100 default
o 16 64 0 12290 6.647681625925499 0.0001 0 3 18 0 17 0
