$ 1 0.000005 10.20027730826997 50 5 43 5e-11
L 160 192 112 192 0 0 false 5 0
L 160 208 112 208 0 0 false 5 0
L 160 224 112 224 0 0 false 5 0
L 160 240 112 240 0 0 false 5 0
R 160 128 112 128 0 0 40 12 0 0 0.5
r 160 128 208 128 0 150
r 160 192 208 192 0 360
r 160 208 208 208 0 750
r 160 224 208 224 0 1500
r 160 240 208 240 0 3000
w 208 128 208 192 0
w 208 192 208 208 0
w 208 208 208 224 0
w 208 224 208 240 0
t 272 176 304 176 0 -1 5.112065894715997 -0.8364896250814846 70 spice-default
w 208 128 304 128 0
w 304 128 304 160 0
R 272 176 240 176 0 0 40 5 0 0 0.5
r 304 192 304 240 0 180
r 336 192 336 240 0 1000
g 304 240 304 256 0 0
R 336 240 336 288 0 0 40 -12 0 0 0.5
w 304 192 336 192 0
t 336 192 400 192 0 1 -2.1120498241853976 -0.11206589583509119 70 spice-default
r 400 208 400 256 0 560
g 400 256 400 272 0 0
t 400 176 480 176 0 -1 1.735771328203609 -0.000016068794711499024 70 spice-default
t 496 240 528 240 0 -1 -1.4077730839978076e-9 -0.26421260126579177 70 spice-default
t 576 240 592 240 0 -1 4.999999997525773 4.7357873987342085 100 spice-default
t 656 240 688 240 0 -1 4.999999997525773 4.7357873987342085 100 spice-default
w 688 192 688 224 0
w 592 224 592 192 0
w 528 224 528 192 0
w 480 192 528 192 0
w 528 192 592 192 0
w 592 192 688 192 0
r 528 256 528 304 0 470
r 592 256 592 304 0 470
r 688 256 688 304 0 470
g 528 304 528 320 0 0
g 592 304 592 320 0 0
g 688 304 688 320 0 0
w 528 256 560 256 0
w 560 256 560 368 0
w 592 256 624 256 0
w 624 256 624 368 0
w 688 256 720 256 0
w 720 256 720 368 0
O 560 368 560 400 0 0
O 624 368 624 400 0 0
O 720 368 720 400 0 0
r 480 160 480 96 0 1000
r 384 128 384 96 0 1000
w 384 96 480 96 0
w 480 96 544 96 0
d 384 128 400 176 2 1N4004
R 544 96 576 96 0 0 40 2 0 0 0.5
172 496 240 496 432 0 7 0 5 0 0 0.5 Voltage
172 576 240 576 432 0 7 5 5 0 0 0.5 Voltage
172 656 240 656 432 0 7 5 5 0 0 0.5 Voltage
w 336 192 336 176 0
w 336 176 368 176 0
w 368 176 368 368 0
172 368 416 368 448 0 7 0 5 0 0 0.5 Voltage
r 368 368 368 416 0 680
o 18 64 0 4099 5 0.025 0 2 18 3
